
 Learning rate: 0.002
 Lambda: 0.7
 Number of training: 200000
pairStatusresult[-2176.0, -1492.0, -1788.0, -1746.0, -1860.0, -1436.0, -1186.0, -1160.0, -1492.0, -1016.0]
 Learning rate: 0.002
 Lambda: 0.7
 Number of training: 200000
pairStatusresult[-2176.0, -1492.0, -1788.0, -1746.0, -1860.0, -1436.0, -1186.0, -1160.0, -1492.0, -1016.0]anotherStatusresult[-1238.0, -1438.0, -1250.0, -1158.0, -1590.0, -1404.0, -994.0, -1620.0, -1842.0, -1390.0]
 Learning rate: 0.002
 Lambda: 0.7
 Number of training: 200000
pairStatusresult[-2176.0, -1492.0, -1788.0, -1746.0, -1860.0, -1436.0, -1186.0, -1160.0, -1492.0, -1016.0]anotherStatusresult[-1238.0, -1438.0, -1250.0, -1158.0, -1590.0, -1404.0, -994.0, -1620.0, -1842.0, -1390.0]realizedStatusresult[-364.0, -606.0, -912.0, -662.0, -780.0, -326.0, -712.0, -952.0, -300.0, -816.0]
 Learning rate: 0.002
 Lambda: 0.7
 Number of training: 200000
pairStatusresult[-2176.0, -1492.0, -1788.0, -1746.0, -1860.0, -1436.0, -1186.0, -1160.0, -1492.0, -1016.0]anotherStatusresult[-1238.0, -1438.0, -1250.0, -1158.0, -1590.0, -1404.0, -994.0, -1620.0, -1842.0, -1390.0]realizedStatusresult[-364.0, -606.0, -912.0, -662.0, -780.0, -326.0, -712.0, -952.0, -300.0, -816.0]coarserStatusresult[-370.0, -406.0, -474.0, -782.0, -598.0, -954.0, 354.0, -296.0, 532.0, -656.0]