
 Learning rate: 0.002
 Lambda: 0.7
 Number of training: 200000

 raise_prob: 0.1pairStatus result: [-1848.0, -1614.0, -2376.0, -1464.0, -3102.0, -1614.0, -2074.0, -2226.0, -2434.0, -1592.0]
 Learning rate: 0.002
 Lambda: 0.7
 Number of training: 200000

 raise_prob: 0.1pairStatus result: [-1848.0, -1614.0, -2376.0, -1464.0, -3102.0, -1614.0, -2074.0, -2226.0, -2434.0, -1592.0]
 raise_prob: 0.1anotherStatus result: [-936.0, -836.0, -22.0, -488.0, -28.0, -160.0, -640.0, -402.0, -624.0, 100.0]
 Learning rate: 0.002
 Lambda: 0.7
 Number of training: 200000

 raise_prob: 0.1pairStatus result: [-1848.0, -1614.0, -2376.0, -1464.0, -3102.0, -1614.0, -2074.0, -2226.0, -2434.0, -1592.0]
 raise_prob: 0.1anotherStatus result: [-936.0, -836.0, -22.0, -488.0, -28.0, -160.0, -640.0, -402.0, -624.0, 100.0]
 raise_prob: 0.1realizedStatus result: [-1074.0, -670.0, -780.0, -404.0, -358.0, -922.0, -290.0, -960.0, -720.0, -808.0]
 Learning rate: 0.002
 Lambda: 0.7
 Number of training: 200000

 raise_prob: 0.1pairStatus result: [-1848.0, -1614.0, -2376.0, -1464.0, -3102.0, -1614.0, -2074.0, -2226.0, -2434.0, -1592.0]
 raise_prob: 0.1anotherStatus result: [-936.0, -836.0, -22.0, -488.0, -28.0, -160.0, -640.0, -402.0, -624.0, 100.0]
 raise_prob: 0.1realizedStatus result: [-1074.0, -670.0, -780.0, -404.0, -358.0, -922.0, -290.0, -960.0, -720.0, -808.0]
 raise_prob: 0.1coarserStatus result: [1428.0, 1990.0, 2225.0, 1240.0, 597.0, 787.0, 1496.0, 1319.0, 1242.0, 1996.0]
 Learning rate: 0.002
 Lambda: 0.7
 Number of training: 200000

 raise_prob: 0.1pairStatus result: [-1848.0, -1614.0, -2376.0, -1464.0, -3102.0, -1614.0, -2074.0, -2226.0, -2434.0, -1592.0]
 raise_prob: 0.1anotherStatus result: [-936.0, -836.0, -22.0, -488.0, -28.0, -160.0, -640.0, -402.0, -624.0, 100.0]
 raise_prob: 0.1realizedStatus result: [-1074.0, -670.0, -780.0, -404.0, -358.0, -922.0, -290.0, -960.0, -720.0, -808.0]
 raise_prob: 0.1coarserStatus result: [1428.0, 1990.0, 2225.0, 1240.0, 597.0, 787.0, 1496.0, 1319.0, 1242.0, 1996.0]
 raise_prob: 0.2pairStatus result: [-2516.0, -3732.0, -3004.0, -3503.0, -2236.0, -2360.0, -2806.0, -2694.0, -2320.0, -3001.0]
 Learning rate: 0.002
 Lambda: 0.7
 Number of training: 200000

 raise_prob: 0.1pairStatus result: [-1848.0, -1614.0, -2376.0, -1464.0, -3102.0, -1614.0, -2074.0, -2226.0, -2434.0, -1592.0]
 raise_prob: 0.1anotherStatus result: [-936.0, -836.0, -22.0, -488.0, -28.0, -160.0, -640.0, -402.0, -624.0, 100.0]
 raise_prob: 0.1realizedStatus result: [-1074.0, -670.0, -780.0, -404.0, -358.0, -922.0, -290.0, -960.0, -720.0, -808.0]
 raise_prob: 0.1coarserStatus result: [1428.0, 1990.0, 2225.0, 1240.0, 597.0, 787.0, 1496.0, 1319.0, 1242.0, 1996.0]
 raise_prob: 0.2pairStatus result: [-2516.0, -3732.0, -3004.0, -3503.0, -2236.0, -2360.0, -2806.0, -2694.0, -2320.0, -3001.0]
 raise_prob: 0.2anotherStatus result: [54.0, -512.0, 42.0, -264.0, -1372.0, -282.0, -302.0, -206.0, -592.0, -450.0]
 Learning rate: 0.002
 Lambda: 0.7
 Number of training: 200000

 raise_prob: 0.1pairStatus result: [-1848.0, -1614.0, -2376.0, -1464.0, -3102.0, -1614.0, -2074.0, -2226.0, -2434.0, -1592.0]
 raise_prob: 0.1anotherStatus result: [-936.0, -836.0, -22.0, -488.0, -28.0, -160.0, -640.0, -402.0, -624.0, 100.0]
 raise_prob: 0.1realizedStatus result: [-1074.0, -670.0, -780.0, -404.0, -358.0, -922.0, -290.0, -960.0, -720.0, -808.0]
 raise_prob: 0.1coarserStatus result: [1428.0, 1990.0, 2225.0, 1240.0, 597.0, 787.0, 1496.0, 1319.0, 1242.0, 1996.0]
 raise_prob: 0.2pairStatus result: [-2516.0, -3732.0, -3004.0, -3503.0, -2236.0, -2360.0, -2806.0, -2694.0, -2320.0, -3001.0]
 raise_prob: 0.2anotherStatus result: [54.0, -512.0, 42.0, -264.0, -1372.0, -282.0, -302.0, -206.0, -592.0, -450.0]
 raise_prob: 0.2realizedStatus result: [2046.0, 1644.0, 639.0, 542.0, 1003.0, 1227.0, 896.0, 1949.0, 1262.0, -136.0]
 Learning rate: 0.002
 Lambda: 0.7
 Number of training: 200000

 raise_prob: 0.1pairStatus result: [-1848.0, -1614.0, -2376.0, -1464.0, -3102.0, -1614.0, -2074.0, -2226.0, -2434.0, -1592.0]
 raise_prob: 0.1anotherStatus result: [-936.0, -836.0, -22.0, -488.0, -28.0, -160.0, -640.0, -402.0, -624.0, 100.0]
 raise_prob: 0.1realizedStatus result: [-1074.0, -670.0, -780.0, -404.0, -358.0, -922.0, -290.0, -960.0, -720.0, -808.0]
 raise_prob: 0.1coarserStatus result: [1428.0, 1990.0, 2225.0, 1240.0, 597.0, 787.0, 1496.0, 1319.0, 1242.0, 1996.0]
 raise_prob: 0.2pairStatus result: [-2516.0, -3732.0, -3004.0, -3503.0, -2236.0, -2360.0, -2806.0, -2694.0, -2320.0, -3001.0]
 raise_prob: 0.2anotherStatus result: [54.0, -512.0, 42.0, -264.0, -1372.0, -282.0, -302.0, -206.0, -592.0, -450.0]
 raise_prob: 0.2realizedStatus result: [2046.0, 1644.0, 639.0, 542.0, 1003.0, 1227.0, 896.0, 1949.0, 1262.0, -136.0]
 raise_prob: 0.2coarserStatus result: [354.0, 155.0, 615.0, 235.0, 1986.0, 447.0, 1269.0, 1438.0, 856.0, 1603.0]
 Learning rate: 0.002
 Lambda: 0.7
 Number of training: 200000

 raise_prob: 0.1pairStatus result: [-1848.0, -1614.0, -2376.0, -1464.0, -3102.0, -1614.0, -2074.0, -2226.0, -2434.0, -1592.0]
 raise_prob: 0.1anotherStatus result: [-936.0, -836.0, -22.0, -488.0, -28.0, -160.0, -640.0, -402.0, -624.0, 100.0]
 raise_prob: 0.1realizedStatus result: [-1074.0, -670.0, -780.0, -404.0, -358.0, -922.0, -290.0, -960.0, -720.0, -808.0]
 raise_prob: 0.1coarserStatus result: [1428.0, 1990.0, 2225.0, 1240.0, 597.0, 787.0, 1496.0, 1319.0, 1242.0, 1996.0]
 raise_prob: 0.2pairStatus result: [-2516.0, -3732.0, -3004.0, -3503.0, -2236.0, -2360.0, -2806.0, -2694.0, -2320.0, -3001.0]
 raise_prob: 0.2anotherStatus result: [54.0, -512.0, 42.0, -264.0, -1372.0, -282.0, -302.0, -206.0, -592.0, -450.0]
 raise_prob: 0.2realizedStatus result: [2046.0, 1644.0, 639.0, 542.0, 1003.0, 1227.0, 896.0, 1949.0, 1262.0, -136.0]
 raise_prob: 0.2coarserStatus result: [354.0, 155.0, 615.0, 235.0, 1986.0, 447.0, 1269.0, 1438.0, 856.0, 1603.0]
 raise_prob: 0.3pairStatus result: [-1370.0, -256.0, -2222.0, -1152.0, -1582.0, -1130.0, -1298.0, -1538.0, -1446.0, -1164.0]
 Learning rate: 0.002
 Lambda: 0.7
 Number of training: 200000

 raise_prob: 0.1pairStatus result: [-1848.0, -1614.0, -2376.0, -1464.0, -3102.0, -1614.0, -2074.0, -2226.0, -2434.0, -1592.0]
 raise_prob: 0.1anotherStatus result: [-936.0, -836.0, -22.0, -488.0, -28.0, -160.0, -640.0, -402.0, -624.0, 100.0]
 raise_prob: 0.1realizedStatus result: [-1074.0, -670.0, -780.0, -404.0, -358.0, -922.0, -290.0, -960.0, -720.0, -808.0]
 raise_prob: 0.1coarserStatus result: [1428.0, 1990.0, 2225.0, 1240.0, 597.0, 787.0, 1496.0, 1319.0, 1242.0, 1996.0]
 raise_prob: 0.2pairStatus result: [-2516.0, -3732.0, -3004.0, -3503.0, -2236.0, -2360.0, -2806.0, -2694.0, -2320.0, -3001.0]
 raise_prob: 0.2anotherStatus result: [54.0, -512.0, 42.0, -264.0, -1372.0, -282.0, -302.0, -206.0, -592.0, -450.0]
 raise_prob: 0.2realizedStatus result: [2046.0, 1644.0, 639.0, 542.0, 1003.0, 1227.0, 896.0, 1949.0, 1262.0, -136.0]
 raise_prob: 0.2coarserStatus result: [354.0, 155.0, 615.0, 235.0, 1986.0, 447.0, 1269.0, 1438.0, 856.0, 1603.0]
 raise_prob: 0.3pairStatus result: [-1370.0, -256.0, -2222.0, -1152.0, -1582.0, -1130.0, -1298.0, -1538.0, -1446.0, -1164.0]
 raise_prob: 0.3anotherStatus result: [-1056.0, -1046.0, 392.0, -898.0, -952.0, -694.0, -1304.0, -74.0, -1608.0, -1790.0]
 Learning rate: 0.002
 Lambda: 0.7
 Number of training: 200000

 raise_prob: 0.1pairStatus result: [-1848.0, -1614.0, -2376.0, -1464.0, -3102.0, -1614.0, -2074.0, -2226.0, -2434.0, -1592.0]
 raise_prob: 0.1anotherStatus result: [-936.0, -836.0, -22.0, -488.0, -28.0, -160.0, -640.0, -402.0, -624.0, 100.0]
 raise_prob: 0.1realizedStatus result: [-1074.0, -670.0, -780.0, -404.0, -358.0, -922.0, -290.0, -960.0, -720.0, -808.0]
 raise_prob: 0.1coarserStatus result: [1428.0, 1990.0, 2225.0, 1240.0, 597.0, 787.0, 1496.0, 1319.0, 1242.0, 1996.0]
 raise_prob: 0.2pairStatus result: [-2516.0, -3732.0, -3004.0, -3503.0, -2236.0, -2360.0, -2806.0, -2694.0, -2320.0, -3001.0]
 raise_prob: 0.2anotherStatus result: [54.0, -512.0, 42.0, -264.0, -1372.0, -282.0, -302.0, -206.0, -592.0, -450.0]
 raise_prob: 0.2realizedStatus result: [2046.0, 1644.0, 639.0, 542.0, 1003.0, 1227.0, 896.0, 1949.0, 1262.0, -136.0]
 raise_prob: 0.2coarserStatus result: [354.0, 155.0, 615.0, 235.0, 1986.0, 447.0, 1269.0, 1438.0, 856.0, 1603.0]
 raise_prob: 0.3pairStatus result: [-1370.0, -256.0, -2222.0, -1152.0, -1582.0, -1130.0, -1298.0, -1538.0, -1446.0, -1164.0]
 raise_prob: 0.3anotherStatus result: [-1056.0, -1046.0, 392.0, -898.0, -952.0, -694.0, -1304.0, -74.0, -1608.0, -1790.0]
 raise_prob: 0.3realizedStatus result: [1858.0, 4680.0, 1674.0, 4576.0, 3105.0, 3910.0, 2652.0, 2188.0, 2186.0, 3487.0]
 Learning rate: 0.002
 Lambda: 0.7
 Number of training: 200000

 raise_prob: 0.1pairStatus result: [-1848.0, -1614.0, -2376.0, -1464.0, -3102.0, -1614.0, -2074.0, -2226.0, -2434.0, -1592.0]
 raise_prob: 0.1anotherStatus result: [-936.0, -836.0, -22.0, -488.0, -28.0, -160.0, -640.0, -402.0, -624.0, 100.0]
 raise_prob: 0.1realizedStatus result: [-1074.0, -670.0, -780.0, -404.0, -358.0, -922.0, -290.0, -960.0, -720.0, -808.0]
 raise_prob: 0.1coarserStatus result: [1428.0, 1990.0, 2225.0, 1240.0, 597.0, 787.0, 1496.0, 1319.0, 1242.0, 1996.0]
 raise_prob: 0.2pairStatus result: [-2516.0, -3732.0, -3004.0, -3503.0, -2236.0, -2360.0, -2806.0, -2694.0, -2320.0, -3001.0]
 raise_prob: 0.2anotherStatus result: [54.0, -512.0, 42.0, -264.0, -1372.0, -282.0, -302.0, -206.0, -592.0, -450.0]
 raise_prob: 0.2realizedStatus result: [2046.0, 1644.0, 639.0, 542.0, 1003.0, 1227.0, 896.0, 1949.0, 1262.0, -136.0]
 raise_prob: 0.2coarserStatus result: [354.0, 155.0, 615.0, 235.0, 1986.0, 447.0, 1269.0, 1438.0, 856.0, 1603.0]
 raise_prob: 0.3pairStatus result: [-1370.0, -256.0, -2222.0, -1152.0, -1582.0, -1130.0, -1298.0, -1538.0, -1446.0, -1164.0]
 raise_prob: 0.3anotherStatus result: [-1056.0, -1046.0, 392.0, -898.0, -952.0, -694.0, -1304.0, -74.0, -1608.0, -1790.0]
 raise_prob: 0.3realizedStatus result: [1858.0, 4680.0, 1674.0, 4576.0, 3105.0, 3910.0, 2652.0, 2188.0, 2186.0, 3487.0]
 raise_prob: 0.3coarserStatus result: [-1818.0, -1902.0, -1214.0, -1014.0, -922.0, -1716.0, -1112.0, -1420.0, -188.0, -1790.0]
 Learning rate: 0.002
 Lambda: 0.7
 Number of training: 200000

 raise_prob: 0.1pairStatus result: [-1848.0, -1614.0, -2376.0, -1464.0, -3102.0, -1614.0, -2074.0, -2226.0, -2434.0, -1592.0]
 raise_prob: 0.1anotherStatus result: [-936.0, -836.0, -22.0, -488.0, -28.0, -160.0, -640.0, -402.0, -624.0, 100.0]
 raise_prob: 0.1realizedStatus result: [-1074.0, -670.0, -780.0, -404.0, -358.0, -922.0, -290.0, -960.0, -720.0, -808.0]
 raise_prob: 0.1coarserStatus result: [1428.0, 1990.0, 2225.0, 1240.0, 597.0, 787.0, 1496.0, 1319.0, 1242.0, 1996.0]
 raise_prob: 0.2pairStatus result: [-2516.0, -3732.0, -3004.0, -3503.0, -2236.0, -2360.0, -2806.0, -2694.0, -2320.0, -3001.0]
 raise_prob: 0.2anotherStatus result: [54.0, -512.0, 42.0, -264.0, -1372.0, -282.0, -302.0, -206.0, -592.0, -450.0]
 raise_prob: 0.2realizedStatus result: [2046.0, 1644.0, 639.0, 542.0, 1003.0, 1227.0, 896.0, 1949.0, 1262.0, -136.0]
 raise_prob: 0.2coarserStatus result: [354.0, 155.0, 615.0, 235.0, 1986.0, 447.0, 1269.0, 1438.0, 856.0, 1603.0]
 raise_prob: 0.3pairStatus result: [-1370.0, -256.0, -2222.0, -1152.0, -1582.0, -1130.0, -1298.0, -1538.0, -1446.0, -1164.0]
 raise_prob: 0.3anotherStatus result: [-1056.0, -1046.0, 392.0, -898.0, -952.0, -694.0, -1304.0, -74.0, -1608.0, -1790.0]
 raise_prob: 0.3realizedStatus result: [1858.0, 4680.0, 1674.0, 4576.0, 3105.0, 3910.0, 2652.0, 2188.0, 2186.0, 3487.0]
 raise_prob: 0.3coarserStatus result: [-1818.0, -1902.0, -1214.0, -1014.0, -922.0, -1716.0, -1112.0, -1420.0, -188.0, -1790.0]
 raise_prob: 0.4pairStatus result: [-1704.0, -2078.0, -1214.0, -2434.0, -490.0, -1550.0, -2016.0, -1582.0, -2128.0, -1332.0]
 Learning rate: 0.002
 Lambda: 0.7
 Number of training: 200000

 raise_prob: 0.1pairStatus result: [-1848.0, -1614.0, -2376.0, -1464.0, -3102.0, -1614.0, -2074.0, -2226.0, -2434.0, -1592.0]
 raise_prob: 0.1anotherStatus result: [-936.0, -836.0, -22.0, -488.0, -28.0, -160.0, -640.0, -402.0, -624.0, 100.0]
 raise_prob: 0.1realizedStatus result: [-1074.0, -670.0, -780.0, -404.0, -358.0, -922.0, -290.0, -960.0, -720.0, -808.0]
 raise_prob: 0.1coarserStatus result: [1428.0, 1990.0, 2225.0, 1240.0, 597.0, 787.0, 1496.0, 1319.0, 1242.0, 1996.0]
 raise_prob: 0.2pairStatus result: [-2516.0, -3732.0, -3004.0, -3503.0, -2236.0, -2360.0, -2806.0, -2694.0, -2320.0, -3001.0]
 raise_prob: 0.2anotherStatus result: [54.0, -512.0, 42.0, -264.0, -1372.0, -282.0, -302.0, -206.0, -592.0, -450.0]
 raise_prob: 0.2realizedStatus result: [2046.0, 1644.0, 639.0, 542.0, 1003.0, 1227.0, 896.0, 1949.0, 1262.0, -136.0]
 raise_prob: 0.2coarserStatus result: [354.0, 155.0, 615.0, 235.0, 1986.0, 447.0, 1269.0, 1438.0, 856.0, 1603.0]
 raise_prob: 0.3pairStatus result: [-1370.0, -256.0, -2222.0, -1152.0, -1582.0, -1130.0, -1298.0, -1538.0, -1446.0, -1164.0]
 raise_prob: 0.3anotherStatus result: [-1056.0, -1046.0, 392.0, -898.0, -952.0, -694.0, -1304.0, -74.0, -1608.0, -1790.0]
 raise_prob: 0.3realizedStatus result: [1858.0, 4680.0, 1674.0, 4576.0, 3105.0, 3910.0, 2652.0, 2188.0, 2186.0, 3487.0]
 raise_prob: 0.3coarserStatus result: [-1818.0, -1902.0, -1214.0, -1014.0, -922.0, -1716.0, -1112.0, -1420.0, -188.0, -1790.0]
 raise_prob: 0.4pairStatus result: [-1704.0, -2078.0, -1214.0, -2434.0, -490.0, -1550.0, -2016.0, -1582.0, -2128.0, -1332.0]
 raise_prob: 0.4anotherStatus result: [1150.0, -87.0, 1192.0, 1256.0, 113.0, -332.0, 971.0, -366.0, -374.0, -779.0]
 Learning rate: 0.002
 Lambda: 0.7
 Number of training: 200000

 raise_prob: 0.1pairStatus result: [-1848.0, -1614.0, -2376.0, -1464.0, -3102.0, -1614.0, -2074.0, -2226.0, -2434.0, -1592.0]
 raise_prob: 0.1anotherStatus result: [-936.0, -836.0, -22.0, -488.0, -28.0, -160.0, -640.0, -402.0, -624.0, 100.0]
 raise_prob: 0.1realizedStatus result: [-1074.0, -670.0, -780.0, -404.0, -358.0, -922.0, -290.0, -960.0, -720.0, -808.0]
 raise_prob: 0.1coarserStatus result: [1428.0, 1990.0, 2225.0, 1240.0, 597.0, 787.0, 1496.0, 1319.0, 1242.0, 1996.0]
 raise_prob: 0.2pairStatus result: [-2516.0, -3732.0, -3004.0, -3503.0, -2236.0, -2360.0, -2806.0, -2694.0, -2320.0, -3001.0]
 raise_prob: 0.2anotherStatus result: [54.0, -512.0, 42.0, -264.0, -1372.0, -282.0, -302.0, -206.0, -592.0, -450.0]
 raise_prob: 0.2realizedStatus result: [2046.0, 1644.0, 639.0, 542.0, 1003.0, 1227.0, 896.0, 1949.0, 1262.0, -136.0]
 raise_prob: 0.2coarserStatus result: [354.0, 155.0, 615.0, 235.0, 1986.0, 447.0, 1269.0, 1438.0, 856.0, 1603.0]
 raise_prob: 0.3pairStatus result: [-1370.0, -256.0, -2222.0, -1152.0, -1582.0, -1130.0, -1298.0, -1538.0, -1446.0, -1164.0]
 raise_prob: 0.3anotherStatus result: [-1056.0, -1046.0, 392.0, -898.0, -952.0, -694.0, -1304.0, -74.0, -1608.0, -1790.0]
 raise_prob: 0.3realizedStatus result: [1858.0, 4680.0, 1674.0, 4576.0, 3105.0, 3910.0, 2652.0, 2188.0, 2186.0, 3487.0]
 raise_prob: 0.3coarserStatus result: [-1818.0, -1902.0, -1214.0, -1014.0, -922.0, -1716.0, -1112.0, -1420.0, -188.0, -1790.0]
 raise_prob: 0.4pairStatus result: [-1704.0, -2078.0, -1214.0, -2434.0, -490.0, -1550.0, -2016.0, -1582.0, -2128.0, -1332.0]
 raise_prob: 0.4anotherStatus result: [1150.0, -87.0, 1192.0, 1256.0, 113.0, -332.0, 971.0, -366.0, -374.0, -779.0]
 raise_prob: 0.4realizedStatus result: [3012.0, 2927.0, 2558.0, 3614.0, 2547.0, 2620.0, 4274.0, 2623.0, 3167.0, 2453.0]
 Learning rate: 0.002
 Lambda: 0.7
 Number of training: 200000

 raise_prob: 0.1pairStatus result: [-1848.0, -1614.0, -2376.0, -1464.0, -3102.0, -1614.0, -2074.0, -2226.0, -2434.0, -1592.0]
 raise_prob: 0.1anotherStatus result: [-936.0, -836.0, -22.0, -488.0, -28.0, -160.0, -640.0, -402.0, -624.0, 100.0]
 raise_prob: 0.1realizedStatus result: [-1074.0, -670.0, -780.0, -404.0, -358.0, -922.0, -290.0, -960.0, -720.0, -808.0]
 raise_prob: 0.1coarserStatus result: [1428.0, 1990.0, 2225.0, 1240.0, 597.0, 787.0, 1496.0, 1319.0, 1242.0, 1996.0]
 raise_prob: 0.2pairStatus result: [-2516.0, -3732.0, -3004.0, -3503.0, -2236.0, -2360.0, -2806.0, -2694.0, -2320.0, -3001.0]
 raise_prob: 0.2anotherStatus result: [54.0, -512.0, 42.0, -264.0, -1372.0, -282.0, -302.0, -206.0, -592.0, -450.0]
 raise_prob: 0.2realizedStatus result: [2046.0, 1644.0, 639.0, 542.0, 1003.0, 1227.0, 896.0, 1949.0, 1262.0, -136.0]
 raise_prob: 0.2coarserStatus result: [354.0, 155.0, 615.0, 235.0, 1986.0, 447.0, 1269.0, 1438.0, 856.0, 1603.0]
 raise_prob: 0.3pairStatus result: [-1370.0, -256.0, -2222.0, -1152.0, -1582.0, -1130.0, -1298.0, -1538.0, -1446.0, -1164.0]
 raise_prob: 0.3anotherStatus result: [-1056.0, -1046.0, 392.0, -898.0, -952.0, -694.0, -1304.0, -74.0, -1608.0, -1790.0]
 raise_prob: 0.3realizedStatus result: [1858.0, 4680.0, 1674.0, 4576.0, 3105.0, 3910.0, 2652.0, 2188.0, 2186.0, 3487.0]
 raise_prob: 0.3coarserStatus result: [-1818.0, -1902.0, -1214.0, -1014.0, -922.0, -1716.0, -1112.0, -1420.0, -188.0, -1790.0]
 raise_prob: 0.4pairStatus result: [-1704.0, -2078.0, -1214.0, -2434.0, -490.0, -1550.0, -2016.0, -1582.0, -2128.0, -1332.0]
 raise_prob: 0.4anotherStatus result: [1150.0, -87.0, 1192.0, 1256.0, 113.0, -332.0, 971.0, -366.0, -374.0, -779.0]
 raise_prob: 0.4realizedStatus result: [3012.0, 2927.0, 2558.0, 3614.0, 2547.0, 2620.0, 4274.0, 2623.0, 3167.0, 2453.0]
 raise_prob: 0.4coarserStatus result: [1752.0, 2523.0, 1232.0, 1416.0, 3191.0, 1194.0, 279.0, 681.0, 398.0, 1823.0]