
 Learning rate: 0.002
 Lambda: 0.7
 Number of training: 200000
pairStatusresult[5100.0, 4662.0, 5068.0, 5674.0, 4634.0, 4380.0, 5036.0, 4852.0, 6010.0, 5736.0]
 Learning rate: 0.002
 Lambda: 0.7
 Number of training: 200000
pairStatusresult[5100.0, 4662.0, 5068.0, 5674.0, 4634.0, 4380.0, 5036.0, 4852.0, 6010.0, 5736.0]anotherStatusresult[3890.0, 3208.0, 3706.0, 3882.0, 3756.0, 3012.0, 4802.0, 3908.0, 3456.0, 4264.0]
 Learning rate: 0.002
 Lambda: 0.7
 Number of training: 200000
pairStatusresult[5100.0, 4662.0, 5068.0, 5674.0, 4634.0, 4380.0, 5036.0, 4852.0, 6010.0, 5736.0]anotherStatusresult[3890.0, 3208.0, 3706.0, 3882.0, 3756.0, 3012.0, 4802.0, 3908.0, 3456.0, 4264.0]realizedStatusresult[4770.0, 5282.0, 5774.0, 6172.0, 6206.0, 5808.0, 6178.0, 5806.0, 6624.0, 5706.0]
 Learning rate: 0.002
 Lambda: 0.7
 Number of training: 200000
pairStatusresult[5100.0, 4662.0, 5068.0, 5674.0, 4634.0, 4380.0, 5036.0, 4852.0, 6010.0, 5736.0]anotherStatusresult[3890.0, 3208.0, 3706.0, 3882.0, 3756.0, 3012.0, 4802.0, 3908.0, 3456.0, 4264.0]realizedStatusresult[4770.0, 5282.0, 5774.0, 6172.0, 6206.0, 5808.0, 6178.0, 5806.0, 6624.0, 5706.0]coarserStatusresult[3406.0, 3156.0, 3322.0, 2970.0, 4020.0, 3458.0, 2294.0, 3830.0, 3624.0, 3628.0]