
 Learning rate: 0.002
 Lambda: 0.65
 Number of training: 200000

 raise_prob: 0.1pairStatus result: [-1904.0, -2432.0, -1650.0, -2198.0, -1314.0, -1520.0, -2358.0, -1908.0, -2254.0, -1816.0]
 Learning rate: 0.002
 Lambda: 0.65
 Number of training: 200000

 raise_prob: 0.1pairStatus result: [-1904.0, -2432.0, -1650.0, -2198.0, -1314.0, -1520.0, -2358.0, -1908.0, -2254.0, -1816.0]
 raise_prob: 0.1anotherStatus result: [-610.0, -946.0, -686.0, -812.0, -1658.0, -1024.0, -1452.0, -406.0, -610.0, -1088.0]
 Learning rate: 0.002
 Lambda: 0.65
 Number of training: 200000

 raise_prob: 0.1pairStatus result: [-1904.0, -2432.0, -1650.0, -2198.0, -1314.0, -1520.0, -2358.0, -1908.0, -2254.0, -1816.0]
 raise_prob: 0.1anotherStatus result: [-610.0, -946.0, -686.0, -812.0, -1658.0, -1024.0, -1452.0, -406.0, -610.0, -1088.0]
 raise_prob: 0.1realizedStatus result: [-98.0, -1122.0, -1380.0, -958.0, -1154.0, -618.0, -1428.0, -646.0, 134.0, -450.0]
 Learning rate: 0.002
 Lambda: 0.65
 Number of training: 200000

 raise_prob: 0.1pairStatus result: [-1904.0, -2432.0, -1650.0, -2198.0, -1314.0, -1520.0, -2358.0, -1908.0, -2254.0, -1816.0]
 raise_prob: 0.1anotherStatus result: [-610.0, -946.0, -686.0, -812.0, -1658.0, -1024.0, -1452.0, -406.0, -610.0, -1088.0]
 raise_prob: 0.1realizedStatus result: [-98.0, -1122.0, -1380.0, -958.0, -1154.0, -618.0, -1428.0, -646.0, 134.0, -450.0]
 raise_prob: 0.1coarserStatus result: [742.0, 1123.0, 1481.0, 1943.0, 1982.0, 1616.0, 1437.0, 1546.0, 1094.0, 1031.0]
 Learning rate: 0.002
 Lambda: 0.65
 Number of training: 200000

 raise_prob: 0.1pairStatus result: [-1904.0, -2432.0, -1650.0, -2198.0, -1314.0, -1520.0, -2358.0, -1908.0, -2254.0, -1816.0]
 raise_prob: 0.1anotherStatus result: [-610.0, -946.0, -686.0, -812.0, -1658.0, -1024.0, -1452.0, -406.0, -610.0, -1088.0]
 raise_prob: 0.1realizedStatus result: [-98.0, -1122.0, -1380.0, -958.0, -1154.0, -618.0, -1428.0, -646.0, 134.0, -450.0]
 raise_prob: 0.1coarserStatus result: [742.0, 1123.0, 1481.0, 1943.0, 1982.0, 1616.0, 1437.0, 1546.0, 1094.0, 1031.0]
 raise_prob: 0.2pairStatus result: [-384.0, -946.0, -1736.0, -1758.0, -2294.0, -1060.0, -912.0, -2436.0, -1110.0, -1982.0]
 Learning rate: 0.002
 Lambda: 0.65
 Number of training: 200000

 raise_prob: 0.1pairStatus result: [-1904.0, -2432.0, -1650.0, -2198.0, -1314.0, -1520.0, -2358.0, -1908.0, -2254.0, -1816.0]
 raise_prob: 0.1anotherStatus result: [-610.0, -946.0, -686.0, -812.0, -1658.0, -1024.0, -1452.0, -406.0, -610.0, -1088.0]
 raise_prob: 0.1realizedStatus result: [-98.0, -1122.0, -1380.0, -958.0, -1154.0, -618.0, -1428.0, -646.0, 134.0, -450.0]
 raise_prob: 0.1coarserStatus result: [742.0, 1123.0, 1481.0, 1943.0, 1982.0, 1616.0, 1437.0, 1546.0, 1094.0, 1031.0]
 raise_prob: 0.2pairStatus result: [-384.0, -946.0, -1736.0, -1758.0, -2294.0, -1060.0, -912.0, -2436.0, -1110.0, -1982.0]
 raise_prob: 0.2anotherStatus result: [1274.0, 703.0, 1154.0, 1655.0, 782.0, 1311.0, 665.0, 712.0, 588.0, 1577.0]
 Learning rate: 0.002
 Lambda: 0.65
 Number of training: 200000

 raise_prob: 0.1pairStatus result: [-1904.0, -2432.0, -1650.0, -2198.0, -1314.0, -1520.0, -2358.0, -1908.0, -2254.0, -1816.0]
 raise_prob: 0.1anotherStatus result: [-610.0, -946.0, -686.0, -812.0, -1658.0, -1024.0, -1452.0, -406.0, -610.0, -1088.0]
 raise_prob: 0.1realizedStatus result: [-98.0, -1122.0, -1380.0, -958.0, -1154.0, -618.0, -1428.0, -646.0, 134.0, -450.0]
 raise_prob: 0.1coarserStatus result: [742.0, 1123.0, 1481.0, 1943.0, 1982.0, 1616.0, 1437.0, 1546.0, 1094.0, 1031.0]
 raise_prob: 0.2pairStatus result: [-384.0, -946.0, -1736.0, -1758.0, -2294.0, -1060.0, -912.0, -2436.0, -1110.0, -1982.0]
 raise_prob: 0.2anotherStatus result: [1274.0, 703.0, 1154.0, 1655.0, 782.0, 1311.0, 665.0, 712.0, 588.0, 1577.0]
 raise_prob: 0.2realizedStatus result: [490.0, 1781.0, 1163.0, 11.0, -931.0, 507.0, 234.0, 1072.0, -55.0, 924.0]
 Learning rate: 0.002
 Lambda: 0.65
 Number of training: 200000

 raise_prob: 0.1pairStatus result: [-1904.0, -2432.0, -1650.0, -2198.0, -1314.0, -1520.0, -2358.0, -1908.0, -2254.0, -1816.0]
 raise_prob: 0.1anotherStatus result: [-610.0, -946.0, -686.0, -812.0, -1658.0, -1024.0, -1452.0, -406.0, -610.0, -1088.0]
 raise_prob: 0.1realizedStatus result: [-98.0, -1122.0, -1380.0, -958.0, -1154.0, -618.0, -1428.0, -646.0, 134.0, -450.0]
 raise_prob: 0.1coarserStatus result: [742.0, 1123.0, 1481.0, 1943.0, 1982.0, 1616.0, 1437.0, 1546.0, 1094.0, 1031.0]
 raise_prob: 0.2pairStatus result: [-384.0, -946.0, -1736.0, -1758.0, -2294.0, -1060.0, -912.0, -2436.0, -1110.0, -1982.0]
 raise_prob: 0.2anotherStatus result: [1274.0, 703.0, 1154.0, 1655.0, 782.0, 1311.0, 665.0, 712.0, 588.0, 1577.0]
 raise_prob: 0.2realizedStatus result: [490.0, 1781.0, 1163.0, 11.0, -931.0, 507.0, 234.0, 1072.0, -55.0, 924.0]
 raise_prob: 0.2coarserStatus result: [-265.0, -1479.0, -674.0, 170.0, -630.0, -1269.0, -833.0, 749.0, -409.0, -201.0]
 Learning rate: 0.002
 Lambda: 0.65
 Number of training: 200000

 raise_prob: 0.1pairStatus result: [-1904.0, -2432.0, -1650.0, -2198.0, -1314.0, -1520.0, -2358.0, -1908.0, -2254.0, -1816.0]
 raise_prob: 0.1anotherStatus result: [-610.0, -946.0, -686.0, -812.0, -1658.0, -1024.0, -1452.0, -406.0, -610.0, -1088.0]
 raise_prob: 0.1realizedStatus result: [-98.0, -1122.0, -1380.0, -958.0, -1154.0, -618.0, -1428.0, -646.0, 134.0, -450.0]
 raise_prob: 0.1coarserStatus result: [742.0, 1123.0, 1481.0, 1943.0, 1982.0, 1616.0, 1437.0, 1546.0, 1094.0, 1031.0]
 raise_prob: 0.2pairStatus result: [-384.0, -946.0, -1736.0, -1758.0, -2294.0, -1060.0, -912.0, -2436.0, -1110.0, -1982.0]
 raise_prob: 0.2anotherStatus result: [1274.0, 703.0, 1154.0, 1655.0, 782.0, 1311.0, 665.0, 712.0, 588.0, 1577.0]
 raise_prob: 0.2realizedStatus result: [490.0, 1781.0, 1163.0, 11.0, -931.0, 507.0, 234.0, 1072.0, -55.0, 924.0]
 raise_prob: 0.2coarserStatus result: [-265.0, -1479.0, -674.0, 170.0, -630.0, -1269.0, -833.0, 749.0, -409.0, -201.0]
 raise_prob: 0.3pairStatus result: [-2510.0, -1884.0, -2248.0, -3140.0, -2916.0, -2432.0, -2070.0, -2780.0, -2692.0, -3342.0]
 Learning rate: 0.002
 Lambda: 0.65
 Number of training: 200000

 raise_prob: 0.1pairStatus result: [-1904.0, -2432.0, -1650.0, -2198.0, -1314.0, -1520.0, -2358.0, -1908.0, -2254.0, -1816.0]
 raise_prob: 0.1anotherStatus result: [-610.0, -946.0, -686.0, -812.0, -1658.0, -1024.0, -1452.0, -406.0, -610.0, -1088.0]
 raise_prob: 0.1realizedStatus result: [-98.0, -1122.0, -1380.0, -958.0, -1154.0, -618.0, -1428.0, -646.0, 134.0, -450.0]
 raise_prob: 0.1coarserStatus result: [742.0, 1123.0, 1481.0, 1943.0, 1982.0, 1616.0, 1437.0, 1546.0, 1094.0, 1031.0]
 raise_prob: 0.2pairStatus result: [-384.0, -946.0, -1736.0, -1758.0, -2294.0, -1060.0, -912.0, -2436.0, -1110.0, -1982.0]
 raise_prob: 0.2anotherStatus result: [1274.0, 703.0, 1154.0, 1655.0, 782.0, 1311.0, 665.0, 712.0, 588.0, 1577.0]
 raise_prob: 0.2realizedStatus result: [490.0, 1781.0, 1163.0, 11.0, -931.0, 507.0, 234.0, 1072.0, -55.0, 924.0]
 raise_prob: 0.2coarserStatus result: [-265.0, -1479.0, -674.0, 170.0, -630.0, -1269.0, -833.0, 749.0, -409.0, -201.0]
 raise_prob: 0.3pairStatus result: [-2510.0, -1884.0, -2248.0, -3140.0, -2916.0, -2432.0, -2070.0, -2780.0, -2692.0, -3342.0]
 raise_prob: 0.3anotherStatus result: [633.0, 1226.0, 1831.0, 1009.0, 1896.0, 1992.0, 2406.0, 4166.0, 1301.0, 1370.0]
 Learning rate: 0.002
 Lambda: 0.65
 Number of training: 200000

 raise_prob: 0.1pairStatus result: [-1904.0, -2432.0, -1650.0, -2198.0, -1314.0, -1520.0, -2358.0, -1908.0, -2254.0, -1816.0]
 raise_prob: 0.1anotherStatus result: [-610.0, -946.0, -686.0, -812.0, -1658.0, -1024.0, -1452.0, -406.0, -610.0, -1088.0]
 raise_prob: 0.1realizedStatus result: [-98.0, -1122.0, -1380.0, -958.0, -1154.0, -618.0, -1428.0, -646.0, 134.0, -450.0]
 raise_prob: 0.1coarserStatus result: [742.0, 1123.0, 1481.0, 1943.0, 1982.0, 1616.0, 1437.0, 1546.0, 1094.0, 1031.0]
 raise_prob: 0.2pairStatus result: [-384.0, -946.0, -1736.0, -1758.0, -2294.0, -1060.0, -912.0, -2436.0, -1110.0, -1982.0]
 raise_prob: 0.2anotherStatus result: [1274.0, 703.0, 1154.0, 1655.0, 782.0, 1311.0, 665.0, 712.0, 588.0, 1577.0]
 raise_prob: 0.2realizedStatus result: [490.0, 1781.0, 1163.0, 11.0, -931.0, 507.0, 234.0, 1072.0, -55.0, 924.0]
 raise_prob: 0.2coarserStatus result: [-265.0, -1479.0, -674.0, 170.0, -630.0, -1269.0, -833.0, 749.0, -409.0, -201.0]
 raise_prob: 0.3pairStatus result: [-2510.0, -1884.0, -2248.0, -3140.0, -2916.0, -2432.0, -2070.0, -2780.0, -2692.0, -3342.0]
 raise_prob: 0.3anotherStatus result: [633.0, 1226.0, 1831.0, 1009.0, 1896.0, 1992.0, 2406.0, 4166.0, 1301.0, 1370.0]
 raise_prob: 0.3realizedStatus result: [3828.0, 5096.0, 4431.0, 4279.0, 4319.0, 3032.0, 4052.0, 3533.0, 2224.0, 4068.0]
 Learning rate: 0.002
 Lambda: 0.65
 Number of training: 200000

 raise_prob: 0.1pairStatus result: [-1904.0, -2432.0, -1650.0, -2198.0, -1314.0, -1520.0, -2358.0, -1908.0, -2254.0, -1816.0]
 raise_prob: 0.1anotherStatus result: [-610.0, -946.0, -686.0, -812.0, -1658.0, -1024.0, -1452.0, -406.0, -610.0, -1088.0]
 raise_prob: 0.1realizedStatus result: [-98.0, -1122.0, -1380.0, -958.0, -1154.0, -618.0, -1428.0, -646.0, 134.0, -450.0]
 raise_prob: 0.1coarserStatus result: [742.0, 1123.0, 1481.0, 1943.0, 1982.0, 1616.0, 1437.0, 1546.0, 1094.0, 1031.0]
 raise_prob: 0.2pairStatus result: [-384.0, -946.0, -1736.0, -1758.0, -2294.0, -1060.0, -912.0, -2436.0, -1110.0, -1982.0]
 raise_prob: 0.2anotherStatus result: [1274.0, 703.0, 1154.0, 1655.0, 782.0, 1311.0, 665.0, 712.0, 588.0, 1577.0]
 raise_prob: 0.2realizedStatus result: [490.0, 1781.0, 1163.0, 11.0, -931.0, 507.0, 234.0, 1072.0, -55.0, 924.0]
 raise_prob: 0.2coarserStatus result: [-265.0, -1479.0, -674.0, 170.0, -630.0, -1269.0, -833.0, 749.0, -409.0, -201.0]
 raise_prob: 0.3pairStatus result: [-2510.0, -1884.0, -2248.0, -3140.0, -2916.0, -2432.0, -2070.0, -2780.0, -2692.0, -3342.0]
 raise_prob: 0.3anotherStatus result: [633.0, 1226.0, 1831.0, 1009.0, 1896.0, 1992.0, 2406.0, 4166.0, 1301.0, 1370.0]
 raise_prob: 0.3realizedStatus result: [3828.0, 5096.0, 4431.0, 4279.0, 4319.0, 3032.0, 4052.0, 3533.0, 2224.0, 4068.0]
 raise_prob: 0.3coarserStatus result: [-388.0, 154.0, 223.0, 1290.0, 451.0, 1543.0, 1144.0, 1371.0, 1124.0, 487.0]
 Learning rate: 0.002
 Lambda: 0.65
 Number of training: 200000

 raise_prob: 0.1pairStatus result: [-1904.0, -2432.0, -1650.0, -2198.0, -1314.0, -1520.0, -2358.0, -1908.0, -2254.0, -1816.0]
 raise_prob: 0.1anotherStatus result: [-610.0, -946.0, -686.0, -812.0, -1658.0, -1024.0, -1452.0, -406.0, -610.0, -1088.0]
 raise_prob: 0.1realizedStatus result: [-98.0, -1122.0, -1380.0, -958.0, -1154.0, -618.0, -1428.0, -646.0, 134.0, -450.0]
 raise_prob: 0.1coarserStatus result: [742.0, 1123.0, 1481.0, 1943.0, 1982.0, 1616.0, 1437.0, 1546.0, 1094.0, 1031.0]
 raise_prob: 0.2pairStatus result: [-384.0, -946.0, -1736.0, -1758.0, -2294.0, -1060.0, -912.0, -2436.0, -1110.0, -1982.0]
 raise_prob: 0.2anotherStatus result: [1274.0, 703.0, 1154.0, 1655.0, 782.0, 1311.0, 665.0, 712.0, 588.0, 1577.0]
 raise_prob: 0.2realizedStatus result: [490.0, 1781.0, 1163.0, 11.0, -931.0, 507.0, 234.0, 1072.0, -55.0, 924.0]
 raise_prob: 0.2coarserStatus result: [-265.0, -1479.0, -674.0, 170.0, -630.0, -1269.0, -833.0, 749.0, -409.0, -201.0]
 raise_prob: 0.3pairStatus result: [-2510.0, -1884.0, -2248.0, -3140.0, -2916.0, -2432.0, -2070.0, -2780.0, -2692.0, -3342.0]
 raise_prob: 0.3anotherStatus result: [633.0, 1226.0, 1831.0, 1009.0, 1896.0, 1992.0, 2406.0, 4166.0, 1301.0, 1370.0]
 raise_prob: 0.3realizedStatus result: [3828.0, 5096.0, 4431.0, 4279.0, 4319.0, 3032.0, 4052.0, 3533.0, 2224.0, 4068.0]
 raise_prob: 0.3coarserStatus result: [-388.0, 154.0, 223.0, 1290.0, 451.0, 1543.0, 1144.0, 1371.0, 1124.0, 487.0]
 raise_prob: 0.4pairStatus result: [-1332.0, -1272.0, -1168.0, -2226.0, -900.0, -1774.0, -770.0, -1532.0, -658.0, -478.0]
 Learning rate: 0.002
 Lambda: 0.65
 Number of training: 200000

 raise_prob: 0.1pairStatus result: [-1904.0, -2432.0, -1650.0, -2198.0, -1314.0, -1520.0, -2358.0, -1908.0, -2254.0, -1816.0]
 raise_prob: 0.1anotherStatus result: [-610.0, -946.0, -686.0, -812.0, -1658.0, -1024.0, -1452.0, -406.0, -610.0, -1088.0]
 raise_prob: 0.1realizedStatus result: [-98.0, -1122.0, -1380.0, -958.0, -1154.0, -618.0, -1428.0, -646.0, 134.0, -450.0]
 raise_prob: 0.1coarserStatus result: [742.0, 1123.0, 1481.0, 1943.0, 1982.0, 1616.0, 1437.0, 1546.0, 1094.0, 1031.0]
 raise_prob: 0.2pairStatus result: [-384.0, -946.0, -1736.0, -1758.0, -2294.0, -1060.0, -912.0, -2436.0, -1110.0, -1982.0]
 raise_prob: 0.2anotherStatus result: [1274.0, 703.0, 1154.0, 1655.0, 782.0, 1311.0, 665.0, 712.0, 588.0, 1577.0]
 raise_prob: 0.2realizedStatus result: [490.0, 1781.0, 1163.0, 11.0, -931.0, 507.0, 234.0, 1072.0, -55.0, 924.0]
 raise_prob: 0.2coarserStatus result: [-265.0, -1479.0, -674.0, 170.0, -630.0, -1269.0, -833.0, 749.0, -409.0, -201.0]
 raise_prob: 0.3pairStatus result: [-2510.0, -1884.0, -2248.0, -3140.0, -2916.0, -2432.0, -2070.0, -2780.0, -2692.0, -3342.0]
 raise_prob: 0.3anotherStatus result: [633.0, 1226.0, 1831.0, 1009.0, 1896.0, 1992.0, 2406.0, 4166.0, 1301.0, 1370.0]
 raise_prob: 0.3realizedStatus result: [3828.0, 5096.0, 4431.0, 4279.0, 4319.0, 3032.0, 4052.0, 3533.0, 2224.0, 4068.0]
 raise_prob: 0.3coarserStatus result: [-388.0, 154.0, 223.0, 1290.0, 451.0, 1543.0, 1144.0, 1371.0, 1124.0, 487.0]
 raise_prob: 0.4pairStatus result: [-1332.0, -1272.0, -1168.0, -2226.0, -900.0, -1774.0, -770.0, -1532.0, -658.0, -478.0]
 raise_prob: 0.4anotherStatus result: [3335.0, 2678.0, 2377.0, 2210.0, 3059.0, 3009.0, 3528.0, 2533.0, 3234.0, 2799.0]
 Learning rate: 0.002
 Lambda: 0.65
 Number of training: 200000

 raise_prob: 0.1pairStatus result: [-1904.0, -2432.0, -1650.0, -2198.0, -1314.0, -1520.0, -2358.0, -1908.0, -2254.0, -1816.0]
 raise_prob: 0.1anotherStatus result: [-610.0, -946.0, -686.0, -812.0, -1658.0, -1024.0, -1452.0, -406.0, -610.0, -1088.0]
 raise_prob: 0.1realizedStatus result: [-98.0, -1122.0, -1380.0, -958.0, -1154.0, -618.0, -1428.0, -646.0, 134.0, -450.0]
 raise_prob: 0.1coarserStatus result: [742.0, 1123.0, 1481.0, 1943.0, 1982.0, 1616.0, 1437.0, 1546.0, 1094.0, 1031.0]
 raise_prob: 0.2pairStatus result: [-384.0, -946.0, -1736.0, -1758.0, -2294.0, -1060.0, -912.0, -2436.0, -1110.0, -1982.0]
 raise_prob: 0.2anotherStatus result: [1274.0, 703.0, 1154.0, 1655.0, 782.0, 1311.0, 665.0, 712.0, 588.0, 1577.0]
 raise_prob: 0.2realizedStatus result: [490.0, 1781.0, 1163.0, 11.0, -931.0, 507.0, 234.0, 1072.0, -55.0, 924.0]
 raise_prob: 0.2coarserStatus result: [-265.0, -1479.0, -674.0, 170.0, -630.0, -1269.0, -833.0, 749.0, -409.0, -201.0]
 raise_prob: 0.3pairStatus result: [-2510.0, -1884.0, -2248.0, -3140.0, -2916.0, -2432.0, -2070.0, -2780.0, -2692.0, -3342.0]
 raise_prob: 0.3anotherStatus result: [633.0, 1226.0, 1831.0, 1009.0, 1896.0, 1992.0, 2406.0, 4166.0, 1301.0, 1370.0]
 raise_prob: 0.3realizedStatus result: [3828.0, 5096.0, 4431.0, 4279.0, 4319.0, 3032.0, 4052.0, 3533.0, 2224.0, 4068.0]
 raise_prob: 0.3coarserStatus result: [-388.0, 154.0, 223.0, 1290.0, 451.0, 1543.0, 1144.0, 1371.0, 1124.0, 487.0]
 raise_prob: 0.4pairStatus result: [-1332.0, -1272.0, -1168.0, -2226.0, -900.0, -1774.0, -770.0, -1532.0, -658.0, -478.0]
 raise_prob: 0.4anotherStatus result: [3335.0, 2678.0, 2377.0, 2210.0, 3059.0, 3009.0, 3528.0, 2533.0, 3234.0, 2799.0]
 raise_prob: 0.4realizedStatus result: [1387.0, 528.0, -575.0, 620.0, 118.0, 1687.0, 949.0, 1026.0, 196.0, 512.0]
 Learning rate: 0.002
 Lambda: 0.65
 Number of training: 200000

 raise_prob: 0.1pairStatus result: [-1904.0, -2432.0, -1650.0, -2198.0, -1314.0, -1520.0, -2358.0, -1908.0, -2254.0, -1816.0]
 raise_prob: 0.1anotherStatus result: [-610.0, -946.0, -686.0, -812.0, -1658.0, -1024.0, -1452.0, -406.0, -610.0, -1088.0]
 raise_prob: 0.1realizedStatus result: [-98.0, -1122.0, -1380.0, -958.0, -1154.0, -618.0, -1428.0, -646.0, 134.0, -450.0]
 raise_prob: 0.1coarserStatus result: [742.0, 1123.0, 1481.0, 1943.0, 1982.0, 1616.0, 1437.0, 1546.0, 1094.0, 1031.0]
 raise_prob: 0.2pairStatus result: [-384.0, -946.0, -1736.0, -1758.0, -2294.0, -1060.0, -912.0, -2436.0, -1110.0, -1982.0]
 raise_prob: 0.2anotherStatus result: [1274.0, 703.0, 1154.0, 1655.0, 782.0, 1311.0, 665.0, 712.0, 588.0, 1577.0]
 raise_prob: 0.2realizedStatus result: [490.0, 1781.0, 1163.0, 11.0, -931.0, 507.0, 234.0, 1072.0, -55.0, 924.0]
 raise_prob: 0.2coarserStatus result: [-265.0, -1479.0, -674.0, 170.0, -630.0, -1269.0, -833.0, 749.0, -409.0, -201.0]
 raise_prob: 0.3pairStatus result: [-2510.0, -1884.0, -2248.0, -3140.0, -2916.0, -2432.0, -2070.0, -2780.0, -2692.0, -3342.0]
 raise_prob: 0.3anotherStatus result: [633.0, 1226.0, 1831.0, 1009.0, 1896.0, 1992.0, 2406.0, 4166.0, 1301.0, 1370.0]
 raise_prob: 0.3realizedStatus result: [3828.0, 5096.0, 4431.0, 4279.0, 4319.0, 3032.0, 4052.0, 3533.0, 2224.0, 4068.0]
 raise_prob: 0.3coarserStatus result: [-388.0, 154.0, 223.0, 1290.0, 451.0, 1543.0, 1144.0, 1371.0, 1124.0, 487.0]
 raise_prob: 0.4pairStatus result: [-1332.0, -1272.0, -1168.0, -2226.0, -900.0, -1774.0, -770.0, -1532.0, -658.0, -478.0]
 raise_prob: 0.4anotherStatus result: [3335.0, 2678.0, 2377.0, 2210.0, 3059.0, 3009.0, 3528.0, 2533.0, 3234.0, 2799.0]
 raise_prob: 0.4realizedStatus result: [1387.0, 528.0, -575.0, 620.0, 118.0, 1687.0, 949.0, 1026.0, 196.0, 512.0]
 raise_prob: 0.4coarserStatus result: [4302.0, 1928.0, 3664.0, 3200.0, 4003.0, 2694.0, 5195.0, 2707.0, 3098.0, 3475.0]